{
    "imagex": 0,
    "imagey": 0,
    "deltaxy": 100,
    "zoom": 0.5,
    "startx": 164,
    "stopx": 1054,
    "y0": 443.6666717529297,
    "y1": 160.6666717529297,
    "y1value": 10,
    "y0value": 0,
    "starttime": 0,
    "stoptime": 4e-11,
    "w0": 0,
    "w1": 0.15,
    "unit": "mA",
    "deltax": 1,
    "wunit": "mA"
}