{
    "imagex": 0,
    "imagey": 0,
    "deltaxy": 100,
    "zoom": 0.5,
    "startx": 163,
    "stopx": 1056,
    "y0": 444.6666717529297,
    "y1": 159.6666717529297,
    "y1value": 10,
    "y0value": 0
}